
	INITIAL RECEIVER POSITION : 
	X (m):        841692.7033    
	Y (m):        -4530897.9112  
	Z (m):        4394929.6377   
-----------------------------------------------------------------------------------------------------------------------------------------------------------------------------------------------------------------------------------------------------------------------------------------------------------------------------------------------------------------------------------------------------------
	|| POST PROCESSED KINEMATIC ||                                                                                                                                                                                                                                  
-----------------------------------------------------------------------------------------------------------------------------------------------------------------------------------------------------------------------------------------------------------------------------------------------------------------------------------------------------------------------------------------------------------
EPOCH       X (m)          Y (m)          Z (m)          σ²X           σ²XY          σ²XZ          σ²Y           σ²YZ          σ²Z               Vx (m/s)     Vy (m/s)     Vz (m/s)     σ²Vx          σ²Vxy         σ²Vxz         σ²Vy          σ²Vyz         σ²Vz          σ²PVxx        σ²PVxy        σ²PVxz        σ²PVyx        σ²PVyy        σ²PVyz        σ²PVzx        σ²PVzy        σ²PVzz        
-----------------------------------------------------------------------------------------------------------------------------------------------------------------------------------------------------------------------------------------------------------------------------------------------------------------------------------------------------------------------------------------------------------
72601.0000  841693.6978    -4530895.7767  4394926.3821   2.3227e-03    -2.3237e-03   5.7739e-04    8.2813e-03    -2.0026e-03   1.0732e-03        0.0025       -0.0066      0.0002       1.8362e-03    1.2940e-04    -1.4490e-04   1.0482e-03    8.6361e-04    1.1451e-03    1.0773e-05    -1.1079e-05   9.3209e-06    -1.0346e-05   3.1927e-05    -1.8286e-05   9.2324e-06    -1.8854e-05   4.7826e-05  
72602.0000  841693.6943    -4530895.7780  4394926.3820   2.3031e-03    -2.3047e-03   5.7127e-04    8.2144e-03    -1.9838e-03   1.0567e-03        -0.0005      0.0003       0.0032       1.8363e-03    1.2945e-04    -1.4480e-04   1.0485e-03    8.6373e-04    1.1456e-03    1.0755e-05    -1.1058e-05   9.3022e-06    -1.0331e-05   3.1879e-05    -1.8265e-05   9.2144e-06    -1.8825e-05   4.7753e-05  
72603.0000  841693.6913    -4530895.7714  4394926.3780   2.2839e-03    -2.2860e-03   5.6527e-04    8.1487e-03    -1.9653e-03   1.0407e-03        0.0024       0.0105       -0.0096      1.8363e-03    1.2947e-04    -1.4480e-04   1.0484e-03    8.6367e-04    1.1454e-03    1.0741e-05    -1.1044e-05   9.2935e-06    -1.0322e-05   3.1845e-05    -1.8259e-05   9.2049e-06    -1.8815e-05   4.7712e-05  
72604.0000  841693.6858    -4530895.7762  4394926.3869   2.2649e-03    -2.2676e-03   5.5938e-04    8.0841e-03    -1.9471e-03   1.0250e-03        -0.0080      -0.0038      0.0050       1.8368e-03    1.2944e-04    -1.4475e-04   1.0486e-03    8.6403e-04    1.1458e-03    1.0735e-05    -1.1030e-05   9.2783e-06    -1.0320e-05   3.1836e-05    -1.8255e-05   9.2095e-06    -1.8835e-05   4.7736e-05  
72605.0000  841693.6834    -4530895.7781  4394926.3885   2.2463e-03    -2.2496e-03   5.5368e-04    8.0208e-03    -1.9295e-03   1.0101e-03        0.0075       0.0007       -0.0022      1.8370e-03    1.2919e-04    -1.4461e-04   1.0494e-03    8.6423e-04    1.1466e-03    1.0796e-05    -1.1070e-05   9.3063e-06    -1.0388e-05   3.2046e-05    -1.8373e-05   9.2644e-06    -1.8949e-05   4.8053e-05  
72606.0000  841693.6803    -4530895.7857  4394926.3955   2.2281e-03    -2.2319e-03   5.4809e-04    7.9586e-03    -1.9122e-03   9.9541e-04        -0.0045      -0.0088      0.0042       1.8367e-03    1.2921e-04    -1.4470e-04   1.0500e-03    8.6431e-04    1.1473e-03    1.0841e-05    -1.1103e-05   9.3327e-06    -1.0427e-05   3.2172e-05    -1.8432e-05   9.2955e-06    -1.9012e-05   4.8255e-05  
72607.0000  841693.6768    -4530895.7862  4394926.3970   2.2102e-03    -2.2146e-03   5.4264e-04    7.8975e-03    -1.8952e-03   9.8124e-04        0.0025       0.0034       0.0033       1.8372e-03    1.2889e-04    -1.4496e-04   1.0505e-03    8.6440e-04    1.1485e-03    1.0902e-05    -1.1149e-05   9.3695e-06    -1.0493e-05   3.2372e-05    -1.8547e-05   9.3488e-06    -1.9123e-05   4.8558e-05  
72608.0000  841693.6738    -4530895.7823  4394926.3936   2.1925e-03    -2.1975e-03   5.3729e-04    7.8375e-03    -1.8786e-03   9.6734e-04        0.0018       0.0073       -0.0104      1.8375e-03    1.2867e-04    -1.4521e-04   1.0507e-03    8.6401e-04    1.1489e-03    1.0944e-05    -1.1182e-05   9.3998e-06    -1.0533e-05   3.2493e-05    -1.8613e-05   9.3738e-06    -1.9174e-05   4.8729e-05  
72609.0000  841693.6724    -4530895.7829  4394926.3975   2.1751e-03    -2.1806e-03   5.3198e-04    7.7783e-03    -1.8621e-03   9.5351e-04        -0.0012      0.0041       -0.0044      1.8380e-03    1.2886e-04    -1.4491e-04   1.0509e-03    8.6404e-04    1.1489e-03    1.0927e-05    -1.1170e-05   9.3949e-06    -1.0507e-05   3.2415e-05    -1.8560e-05   9.3598e-06    -1.9158e-05   4.8664e-05  
72610.0000  841693.6676    -4530895.7828  4394926.3991   2.1581e-03    -2.1641e-03   5.2686e-04    7.7204e-03    -1.8462e-03   9.4036e-04        -0.0031      0.0030       -0.0011      1.8375e-03    1.2883e-04    -1.4483e-04   1.0509e-03    8.6368e-04    1.1492e-03    1.0998e-05    -1.1234e-05   9.4522e-06    -1.0580e-05   3.2639e-05    -1.8694e-05   9.4212e-06    -1.9289e-05   4.9003e-05  